Blue reflectivities
Calculated from blue corrected Table1 magnitudes (Lockwood and Jercykiewicz, 2016)
(Magnitude correction of -0.326 has been applied)
nwave = 17
      1950.00     0.576518
      1951.00     0.571603
      1952.00     0.562836
      1953.00     0.572035
      1954.00     0.568624
      1955.00     0.564492
      1956.10     0.568253
      1957.10     0.569279
      1958.10     0.567080
      1959.10     0.567727
      1960.10     0.565429
      1961.10     0.567844
      1962.10     0.569074
      1963.20     0.565896
      1964.20     0.562711
      1965.20     0.560873
      1966.20     0.561395
Calculated from blue corrected Table2 magnitudes (Lockwood and Jercykiewicz, 2016)
(Magnitude correction of -0.326 has been applied)
nwave = 13
      1954.20     0.562690
      1955.20     0.570438
      1956.20     0.569940
      1957.30     0.566892
      1959.10     0.567727
      1960.20     0.566041
      1961.20     0.570033
      1962.20     0.564963
      1964.30     0.562244
      1965.20     0.561390
      1966.20     0.563467
      1973.50     0.572967
      1975.30     0.577956
Calculated from blue magnitude data from Table 5 (Lockwood, 2019)
nwave =      360
      1972.04     0.563167
      1972.05     0.564206
      1972.11     0.563167
      1972.31     0.561096
      1972.32     0.561096
      1972.35     0.560580
      1972.38     0.561613
      1972.39     0.562649
      1972.43     0.563686
      1973.40     0.563167
      1973.40     0.561613
      1973.49     0.565767
      1973.49     0.561096
      1974.35     0.562131
      1974.39     0.562131
      1974.41     0.562131
      1974.47     0.562131
      1975.25     0.559548
      1975.25     0.566288
      1975.25     0.567332
      1975.28     0.565246
      1975.28     0.568378
      1975.29     0.566288
      1975.29     0.565767
      1975.29     0.563686
      1975.30     0.565246
      1975.30     0.565246
      1975.35     0.553908
      1975.41     0.565767
      1975.46     0.556977
      1976.23     0.564725
      1976.23     0.572054
      1976.25     0.569951
      1976.30     0.568378
      1976.33     0.568378
      1976.33     0.569426
      1976.40     0.569426
      1976.40     0.570476
      1976.46     0.572582
      1976.46     0.564725
      1977.10     0.570476
      1977.12     0.571528
      1977.12     0.573109
      1977.13     0.571528
      1977.15     0.572054
      1977.16     0.573637
      1977.27     0.573109
      1977.27     0.570476
      1977.38     0.572054
      1977.44     0.575755
      1977.44     0.573637
      1977.44     0.572582
      1977.47     0.572582
      1978.10     0.577879
      1978.13     0.574695
      1978.14     0.575225
      1978.14     0.573637
      1978.14     0.574166
      1978.20     0.574166
      1978.20     0.573109
      1978.20     0.575225
      1978.21     0.574166
      1978.21     0.575755
      1978.23     0.571528
      1978.26     0.571528
      1978.26     0.576816
      1978.29     0.571528
      1978.29     0.572582
      1978.32     0.572582
      1978.32     0.567855
      1978.35     0.574166
      1978.36     0.571528
      1978.36     0.570476
      1978.38     0.573109
      1978.41     0.571528
      1978.41     0.570476
      1978.42     0.568378
      1978.45     0.573109
      1978.47     0.573109
      1978.47     0.572582
      1978.48     0.575225
      1978.50     0.574695
      1978.51     0.571002
      1979.12     0.575225
      1979.12     0.574695
      1979.15     0.576816
      1979.16     0.574166
      1979.17     0.574695
      1979.20     0.574166
      1979.22     0.575225
      1979.23     0.573637
      1979.23     0.574695
      1979.25     0.575755
      1979.26     0.573637
      1979.26     0.573109
      1979.26     0.573109
      1979.32     0.572582
      1979.34     0.572582
      1979.37     0.572582
      1979.38     0.572054
      1979.41     0.575225
      1979.44     0.574695
      1979.44     0.573637
      1979.47     0.574695
      1979.48     0.575225
      1980.22     0.574695
      1980.27     0.576285
      1980.28     0.580013
      1980.34     0.575755
      1980.35     0.576285
      1980.36     0.575225
      1980.38     0.575755
      1980.40     0.578412
      1980.42     0.571528
      1980.43     0.580013
      1980.45     0.578412
      1980.46     0.576285
      1981.21     0.580547
      1981.21     0.581082
      1981.24     0.582153
      1981.26     0.581617
      1981.26     0.580547
      1981.27     0.581617
      1981.33     0.581617
      1981.33     0.582153
      1981.35     0.580547
      1981.44     0.582153
      1981.44     0.580013
      1981.44     0.579479
      1982.31     0.581617
      1982.36     0.578945
      1982.38     0.581082
      1982.40     0.583227
      1982.46     0.580013
      1982.48     0.583227
      1982.52     0.583227
      1983.29     0.562131
      1983.34     0.562131
      1983.37     0.562131
      1983.39     0.562131
      1983.45     0.562131
      1983.54     0.562131
      1983.54     0.562131
      1984.25     0.584302
      1984.31     0.583227
      1984.31     0.583227
      1984.33     0.578945
      1984.39     0.584302
      1984.44     0.581617
      1984.47     0.581617
      1984.48     0.584302
      1985.22     0.583764
      1985.31     0.583227
      1985.32     0.581617
      1985.40     0.581617
      1985.43     0.580547
      1985.45     0.581082
      1986.27     0.573109
      1986.43     0.576816
      1986.44     0.576816
      1986.44     0.578412
      1986.45     0.575755
      1986.45     0.577348
      1986.45     0.578412
      1986.51     0.581617
      1987.34     0.562131
      1987.40     0.562131
      1987.40     0.562131
      1987.41     0.562131
      1987.42     0.562131
      1987.62     0.562131
      1987.63     0.562131
      1988.31     0.581082
      1988.33     0.580547
      1988.36     0.583227
      1988.39     0.582153
      1988.43     0.581617
      1989.38     0.583227
      1989.40     0.582153
      1989.40     0.580547
      1989.43     0.580547
      1989.44     0.577348
      1989.44     0.576816
      1990.38     0.578945
      1990.38     0.580013
      1990.39     0.583227
      1991.36     0.580013
      1991.38     0.577879
      1991.39     0.580547
      1991.39     0.578412
      1991.45     0.577879
      1991.70     0.582690
      1992.42     0.574695
      1992.42     0.576816
      1992.43     0.575755
      1992.43     0.577348
      1992.47     0.577879
      1992.50     0.576816
      1992.50     0.576285
      1993.38     0.575225
      1993.39     0.575755
      1993.39     0.573109
      1993.42     0.567855
      1993.44     0.572582
      1993.44     0.576285
      1993.46     0.568902
      1993.48     0.568902
      1993.49     0.576285
      1993.57     0.567855
      1994.44     0.576816
      1994.44     0.575755
      1994.45     0.576816
      1994.45     0.574695
      1994.59     0.572054
      1994.66     0.574166
      1994.67     0.576285
      1994.68     0.578412
      1994.68     0.574166
      1994.69     0.573637
      1995.43     0.574166
      1995.44     0.576816
      1995.44     0.573637
      1995.46     0.574695
      1995.47     0.574166
      1995.47     0.576285
      1995.47     0.573637
      1995.47     0.573637
      1995.50     0.570476
      1995.50     0.571002
      1996.46     0.569951
      1996.48     0.569426
      1996.48     0.567332
      1996.48     0.568378
      1997.44     0.573637
      1997.72     0.574695
      1997.72     0.575225
      1997.72     0.573109
      1997.73     0.575225
      1997.74     0.575755
      1998.47     0.569426
      1998.48     0.570476
      1998.48     0.569426
      1998.48     0.567332
      1998.50     0.565767
      1998.50     0.568378
      1998.72     0.573637
      1999.47     0.562131
      1999.61     0.562131
      1999.67     0.562131
      1999.74     0.562131
      1999.75     0.562131
      1999.75     0.562131
      1999.76     0.562131
      1999.79     0.562131
      2000.42     0.568378
      2000.42     0.567332
      2000.43     0.565246
      2000.43     0.568378
      2000.44     0.567855
      2000.51     0.564206
      2000.72     0.565246
      2000.73     0.566288
      2000.74     0.564725
      2001.48     0.567332
      2001.49     0.566288
      2001.49     0.565767
      2001.54     0.562131
      2001.55     0.564206
      2001.71     0.565767
      2001.73     0.564206
      2002.75     0.566810
      2002.76     0.566810
      2002.76     0.564725
      2002.76     0.565767
      2002.77     0.563686
      2002.77     0.565767
      2003.50     0.567855
      2003.50     0.565767
      2003.51     0.568378
      2003.51     0.565767
      2003.52     0.565246
      2003.71     0.566810
      2003.71     0.563686
      2004.76     0.563167
      2004.77     0.561613
      2004.78     0.567332
      2004.78     0.562649
      2004.79     0.565767
      2004.83     0.566288
      2004.84     0.562649
      2004.84     0.564206
      2004.84     0.566288
      2005.49     0.564206
      2005.50     0.558518
      2005.50     0.562649
      2005.50     0.560064
      2005.51     0.559033
      2005.65     0.561096
      2006.71     0.560580
      2006.72     0.561096
      2006.72     0.566288
      2006.74     0.559033
      2006.78     0.564206
      2006.79     0.562131
      2006.80     0.564725
      2007.71     0.557490
      2007.72     0.558004
      2007.72     0.558004
      2007.75     0.557490
      2007.75     0.558518
      2007.75     0.559033
      2008.67     0.558004
      2008.68     0.558518
      2008.68     0.558004
      2008.68     0.556464
      2008.73     0.556464
      2008.80     0.560064
      2008.82     0.561096
      2009.62     0.560064
      2009.63     0.559548
      2009.64     0.556464
      2009.65     0.557490
      2009.71     0.558004
      2009.74     0.555440
      2010.74     0.562131
      2010.82     0.560580
      2010.84     0.560580
      2010.84     0.560580
      2010.85     0.559033
      2010.86     0.560064
      2011.73     0.559033
      2011.74     0.558004
      2011.80     0.559548
      2011.80     0.558518
      2011.81     0.559033
      2011.88     0.565767
      2012.70     0.560580
      2012.70     0.561096
      2012.71     0.560580
      2012.71     0.560064
      2012.72     0.560064
      2012.72     0.559548
      2012.72     0.562131
      2012.73     0.558518
      2013.84     0.570476
      2013.84     0.571528
      2013.85     0.569426
      2013.86     0.568902
      2014.60     0.572054
      2014.67     0.570476
      2014.67     0.572054
      2014.73     0.569426
      2015.63     0.570476
      2015.64     0.570476
      2015.70     0.572054
      2015.71     0.571002
      2016.68     0.571528
      2016.68     0.570476
      2016.69     0.571002
      2016.76     0.570476
Calculated from blue corrected magnitude data from HST/WFC3 observations
(Magnitude correction of 0.01 has been applied)
nwave =      125
      2014.85     0.577312
      2014.85     0.577562
      2014.85     0.577030
      2014.85     0.577232
      2014.85     0.577237
      2014.85     0.577434
      2014.85     0.577508
      2014.85     0.577407
      2014.85     0.577450
      2014.85     0.576993
      2014.85     0.577280
      2014.85     0.577642
      2014.85     0.577168
      2014.85     0.577296
      2014.85     0.577418
      2014.85     0.577402
      2015.70     0.578807
      2015.70     0.578988
      2015.70     0.578876
      2015.70     0.578865
      2015.70     0.578658
      2015.70     0.579100
      2015.70     0.578855
      2015.70     0.578988
      2015.70     0.578882
      2015.70     0.578951
      2015.70     0.578668
      2015.70     0.579202
      2015.70     0.578876
      2015.70     0.578738
      2015.70     0.578892
      2015.70     0.578711
      2016.74     0.579607
      2016.74     0.579650
      2016.74     0.579650
      2016.74     0.579757
      2016.74     0.579837
      2016.74     0.579543
      2016.75     0.579850
      2016.75     0.579914
      2016.75     0.579647
      2016.75     0.579749
      2016.75     0.579327
      2016.75     0.579450
      2016.75     0.579684
      2016.75     0.579567
      2016.75     0.579711
      2016.75     0.579791
      2017.81     0.580027
      2017.81     0.580058
      2017.81     0.579807
      2017.81     0.579973
      2017.82     0.580017
      2017.82     0.579979
      2017.82     0.580017
      2017.82     0.579883
      2017.82     0.580166
      2017.82     0.580038
      2017.82     0.580188
      2017.82     0.580001
      2017.82     0.580102
      2017.82     0.580214
      2018.87     0.580092
      2018.87     0.579975
      2018.87     0.579921
      2018.87     0.580001
      2018.87     0.580012
      2018.87     0.580124
      2018.87     0.580066
      2018.87     0.580098
      2018.88     0.579959
      2018.88     0.580296
      2018.88     0.580023
      2018.88     0.579906
      2018.88     0.579932
      2018.88     0.580093
      2018.88     0.580114
      2018.88     0.580183
      2019.88     0.580324
      2019.88     0.580127
      2019.88     0.580431
      2019.88     0.580452
      2019.88     0.580367
      2019.88     0.580576
      2019.88     0.580560
      2019.88     0.580362
      2019.88     0.580287
      2019.88     0.580586
      2019.88     0.580362
      2019.88     0.580426
      2019.88     0.580452
      2019.88     0.580373
      2019.88     0.580613
      2019.88     0.580169
      2020.77     0.581614
      2020.77     0.581710
      2020.77     0.581721
      2020.77     0.581908
      2020.77     0.581400
      2020.77     0.581651
      2020.77     0.581389
      2020.77     0.581748
      2020.77     0.581748
      2020.77     0.581662
      2020.77     0.581453
      2020.77     0.581699
      2020.77     0.581683
      2020.77     0.581587
      2021.81     0.582410
      2021.93     0.581442
      2021.93     0.581179
      2021.93     0.581281
      2021.93     0.581340
      2021.93     0.581276
      2021.93     0.581426
      2021.93     0.581522
      2021.93     0.581335
      2021.93     0.581404
      2021.93     0.581227
      2021.93     0.581506
      2021.93     0.581426
      2021.94     0.581626
      2021.94     0.581460
      2021.94     0.581385
      2021.94     0.581503
