Blue magnitudes
Corrected Table1 (Lockwood and Jercykiewicz, 2016)
(Magnitude correction of -0.326 has been applied)
nwave = 17
      1950.00      5.75400
      1951.00      5.76400
      1952.00      5.78200
      1953.00      5.76600
      1954.00      5.77400
      1955.00      5.78400
      1956.10      5.77900
      1957.10      5.77900
      1958.10      5.78500
      1959.10      5.78600
      1960.10      5.79200
      1961.10      5.78900
      1962.10      5.78900
      1963.20      5.79600
      1964.20      5.80300
      1965.20      5.80700
      1966.20      5.80600
Blue Corrected Table2 magnitudes (Lockwood and Jercykiewicz, 2016)
(Magnitude correction of -0.326 has been applied)
nwave = 13
      1954.20      5.78600
      1955.20      5.77300
      1956.20      5.77600
      1957.30      5.78400
      1959.10      5.78600
      1960.20      5.79100
      1961.20      5.78500
      1962.20      5.79700
      1964.30      5.80400
      1965.20      5.80600
      1966.20      5.80200
      1973.50      5.77500
      1975.30      5.76200
Blue magnitude data from Table 5 (Lockwood, 2019)
nwave =      360
      1972.04      5.77700
      1972.05      5.77500
      1972.11      5.77700
      1972.31      5.78100
      1972.32      5.78100
      1972.35      5.78200
      1972.38      5.78000
      1972.39      5.77800
      1972.43      5.77600
      1973.40      5.77700
      1973.40      5.78000
      1973.49      5.77200
      1973.49      5.78100
      1974.35      5.77900
      1974.39      5.77900
      1974.41      5.77900
      1974.47      5.77900
      1975.25      5.78400
      1975.25      5.77100
      1975.25      5.76900
      1975.28      5.77300
      1975.28      5.76700
      1975.29      5.77100
      1975.29      5.77200
      1975.29      5.77600
      1975.30      5.77300
      1975.30      5.77300
      1975.35      5.79500
      1975.41      5.77200
      1975.46      5.78900
      1976.23      5.77400
      1976.23      5.76000
      1976.25      5.76400
      1976.30      5.76700
      1976.33      5.76700
      1976.33      5.76500
      1976.40      5.76500
      1976.40      5.76300
      1976.46      5.75900
      1976.46      5.77400
      1977.10      5.76300
      1977.12      5.76100
      1977.12      5.75800
      1977.13      5.76100
      1977.15      5.76000
      1977.16      5.75700
      1977.27      5.75800
      1977.27      5.76300
      1977.38      5.76000
      1977.44      5.75300
      1977.44      5.75700
      1977.44      5.75900
      1977.47      5.75900
      1978.10      5.74900
      1978.13      5.75500
      1978.14      5.75400
      1978.14      5.75700
      1978.14      5.75600
      1978.20      5.75600
      1978.20      5.75800
      1978.20      5.75400
      1978.21      5.75600
      1978.21      5.75300
      1978.23      5.76100
      1978.26      5.76100
      1978.26      5.75100
      1978.29      5.76100
      1978.29      5.75900
      1978.32      5.75900
      1978.32      5.76800
      1978.35      5.75600
      1978.36      5.76100
      1978.36      5.76300
      1978.38      5.75800
      1978.41      5.76100
      1978.41      5.76300
      1978.42      5.76700
      1978.45      5.75800
      1978.47      5.75800
      1978.47      5.75900
      1978.48      5.75400
      1978.50      5.75500
      1978.51      5.76200
      1979.12      5.75400
      1979.12      5.75500
      1979.15      5.75100
      1979.16      5.75600
      1979.17      5.75500
      1979.20      5.75600
      1979.22      5.75400
      1979.23      5.75700
      1979.23      5.75500
      1979.25      5.75300
      1979.26      5.75700
      1979.26      5.75800
      1979.26      5.75800
      1979.32      5.75900
      1979.34      5.75900
      1979.37      5.75900
      1979.38      5.76000
      1979.41      5.75400
      1979.44      5.75500
      1979.44      5.75700
      1979.47      5.75500
      1979.48      5.75400
      1980.22      5.75500
      1980.27      5.75200
      1980.28      5.74500
      1980.34      5.75300
      1980.35      5.75200
      1980.36      5.75400
      1980.38      5.75300
      1980.40      5.74800
      1980.42      5.76100
      1980.43      5.74500
      1980.45      5.74800
      1980.46      5.75200
      1981.21      5.74400
      1981.21      5.74300
      1981.24      5.74100
      1981.26      5.74200
      1981.26      5.74400
      1981.27      5.74200
      1981.33      5.74200
      1981.33      5.74100
      1981.35      5.74400
      1981.44      5.74100
      1981.44      5.74500
      1981.44      5.74600
      1982.31      5.74200
      1982.36      5.74700
      1982.38      5.74300
      1982.40      5.73900
      1982.46      5.74500
      1982.48      5.73900
      1982.52      5.73900
      1983.29      5.77900
      1983.34      5.77900
      1983.37      5.77900
      1983.39      5.77900
      1983.45      5.77900
      1983.54      5.77900
      1983.54      5.77900
      1984.25      5.73700
      1984.31      5.73900
      1984.31      5.73900
      1984.33      5.74700
      1984.39      5.73700
      1984.44      5.74200
      1984.47      5.74200
      1984.48      5.73700
      1985.22      5.73800
      1985.31      5.73900
      1985.32      5.74200
      1985.40      5.74200
      1985.43      5.74400
      1985.45      5.74300
      1986.27      5.75800
      1986.43      5.75100
      1986.44      5.75100
      1986.44      5.74800
      1986.45      5.75300
      1986.45      5.75000
      1986.45      5.74800
      1986.51      5.74200
      1987.34      5.77900
      1987.40      5.77900
      1987.40      5.77900
      1987.41      5.77900
      1987.42      5.77900
      1987.62      5.77900
      1987.63      5.77900
      1988.31      5.74300
      1988.33      5.74400
      1988.36      5.73900
      1988.39      5.74100
      1988.43      5.74200
      1989.38      5.73900
      1989.40      5.74100
      1989.40      5.74400
      1989.43      5.74400
      1989.44      5.75000
      1989.44      5.75100
      1990.38      5.74700
      1990.38      5.74500
      1990.39      5.73900
      1991.36      5.74500
      1991.38      5.74900
      1991.39      5.74400
      1991.39      5.74800
      1991.45      5.74900
      1991.70      5.74000
      1992.42      5.75500
      1992.42      5.75100
      1992.43      5.75300
      1992.43      5.75000
      1992.47      5.74900
      1992.50      5.75100
      1992.50      5.75200
      1993.38      5.75400
      1993.39      5.75300
      1993.39      5.75800
      1993.42      5.76800
      1993.44      5.75900
      1993.44      5.75200
      1993.46      5.76600
      1993.48      5.76600
      1993.49      5.75200
      1993.57      5.76800
      1994.44      5.75100
      1994.44      5.75300
      1994.45      5.75100
      1994.45      5.75500
      1994.59      5.76000
      1994.66      5.75600
      1994.67      5.75200
      1994.68      5.74800
      1994.68      5.75600
      1994.69      5.75700
      1995.43      5.75600
      1995.44      5.75100
      1995.44      5.75700
      1995.46      5.75500
      1995.47      5.75600
      1995.47      5.75200
      1995.47      5.75700
      1995.47      5.75700
      1995.50      5.76300
      1995.50      5.76200
      1996.46      5.76400
      1996.48      5.76500
      1996.48      5.76900
      1996.48      5.76700
      1997.44      5.75700
      1997.72      5.75500
      1997.72      5.75400
      1997.72      5.75800
      1997.73      5.75400
      1997.74      5.75300
      1998.47      5.76500
      1998.48      5.76300
      1998.48      5.76500
      1998.48      5.76900
      1998.50      5.77200
      1998.50      5.76700
      1998.72      5.75700
      1999.47      5.77900
      1999.61      5.77900
      1999.67      5.77900
      1999.74      5.77900
      1999.75      5.77900
      1999.75      5.77900
      1999.76      5.77900
      1999.79      5.77900
      2000.42      5.76700
      2000.42      5.76900
      2000.43      5.77300
      2000.43      5.76700
      2000.44      5.76800
      2000.51      5.77500
      2000.72      5.77300
      2000.73      5.77100
      2000.74      5.77400
      2001.48      5.76900
      2001.49      5.77100
      2001.49      5.77200
      2001.54      5.77900
      2001.55      5.77500
      2001.71      5.77200
      2001.73      5.77500
      2002.75      5.77000
      2002.76      5.77000
      2002.76      5.77400
      2002.76      5.77200
      2002.77      5.77600
      2002.77      5.77200
      2003.50      5.76800
      2003.50      5.77200
      2003.51      5.76700
      2003.51      5.77200
      2003.52      5.77300
      2003.71      5.77000
      2003.71      5.77600
      2004.76      5.77700
      2004.77      5.78000
      2004.78      5.76900
      2004.78      5.77800
      2004.79      5.77200
      2004.83      5.77100
      2004.84      5.77800
      2004.84      5.77500
      2004.84      5.77100
      2005.49      5.77500
      2005.50      5.78600
      2005.50      5.77800
      2005.50      5.78300
      2005.51      5.78500
      2005.65      5.78100
      2006.71      5.78200
      2006.72      5.78100
      2006.72      5.77100
      2006.74      5.78500
      2006.78      5.77500
      2006.79      5.77900
      2006.80      5.77400
      2007.71      5.78800
      2007.72      5.78700
      2007.72      5.78700
      2007.75      5.78800
      2007.75      5.78600
      2007.75      5.78500
      2008.67      5.78700
      2008.68      5.78600
      2008.68      5.78700
      2008.68      5.79000
      2008.73      5.79000
      2008.80      5.78300
      2008.82      5.78100
      2009.62      5.78300
      2009.63      5.78400
      2009.64      5.79000
      2009.65      5.78800
      2009.71      5.78700
      2009.74      5.79200
      2010.74      5.77900
      2010.82      5.78200
      2010.84      5.78200
      2010.84      5.78200
      2010.85      5.78500
      2010.86      5.78300
      2011.73      5.78500
      2011.74      5.78700
      2011.80      5.78400
      2011.80      5.78600
      2011.81      5.78500
      2011.88      5.77200
      2012.70      5.78200
      2012.70      5.78100
      2012.71      5.78200
      2012.71      5.78300
      2012.72      5.78300
      2012.72      5.78400
      2012.72      5.77900
      2012.73      5.78600
      2013.84      5.76300
      2013.84      5.76100
      2013.85      5.76500
      2013.86      5.76600
      2014.60      5.76000
      2014.67      5.76300
      2014.67      5.76000
      2014.73      5.76500
      2015.63      5.76300
      2015.64      5.76300
      2015.70      5.76000
      2015.71      5.76200
      2016.68      5.76100
      2016.68      5.76300
      2016.69      5.76200
      2016.76      5.76300
Blue corrected magnitude data from HST/WFC3 observations
(Magnitude correction of 0.01 has been applied) 
nwave =      125
      2014.85      5.76975
      2014.85      5.76928
      2014.85      5.77028
      2014.85      5.76990
      2014.85      5.76989
      2014.85      5.76952
      2014.85      5.76938
      2014.85      5.76957
      2014.85      5.76949
      2014.85      5.77035
      2014.85      5.76981
      2014.85      5.76913
      2014.85      5.77002
      2014.85      5.76978
      2014.85      5.76955
      2014.85      5.76958
      2015.70      5.76587
      2015.70      5.76553
      2015.70      5.76574
      2015.70      5.76576
      2015.70      5.76615
      2015.70      5.76532
      2015.70      5.76578
      2015.70      5.76553
      2015.70      5.76573
      2015.70      5.76560
      2015.70      5.76613
      2015.70      5.76513
      2015.70      5.76574
      2015.70      5.76600
      2015.70      5.76571
      2015.70      5.76605
      2016.74      5.76262
      2016.74      5.76254
      2016.74      5.76254
      2016.74      5.76234
      2016.74      5.76219
      2016.74      5.76274
      2016.75      5.76216
      2016.75      5.76204
      2016.75      5.76254
      2016.75      5.76235
      2016.75      5.76314
      2016.75      5.76291
      2016.75      5.76247
      2016.75      5.76269
      2016.75      5.76242
      2016.75      5.76227
      2017.81      5.75997
      2017.81      5.75991
      2017.81      5.76038
      2017.81      5.76007
      2017.82      5.75997
      2017.82      5.76004
      2017.82      5.75997
      2017.82      5.76022
      2017.82      5.75969
      2017.82      5.75993
      2017.82      5.75965
      2017.82      5.76000
      2017.82      5.75981
      2017.82      5.75960
      2018.87      5.75812
      2018.87      5.75834
      2018.87      5.75844
      2018.87      5.75829
      2018.87      5.75827
      2018.87      5.75806
      2018.87      5.75817
      2018.87      5.75811
      2018.88      5.75835
      2018.88      5.75772
      2018.88      5.75823
      2018.88      5.75845
      2018.88      5.75840
      2018.88      5.75810
      2018.88      5.75806
      2018.88      5.75793
      2019.88      5.75574
      2019.88      5.75611
      2019.88      5.75554
      2019.88      5.75550
      2019.88      5.75566
      2019.88      5.75527
      2019.88      5.75530
      2019.88      5.75567
      2019.88      5.75581
      2019.88      5.75525
      2019.88      5.75567
      2019.88      5.75555
      2019.88      5.75550
      2019.88      5.75565
      2019.88      5.75520
      2019.88      5.75603
      2020.77      5.75190
      2020.77      5.75172
      2020.77      5.75170
      2020.77      5.75135
      2020.77      5.75230
      2020.77      5.75183
      2020.77      5.75232
      2020.77      5.75165
      2020.77      5.75165
      2020.77      5.75181
      2020.77      5.75220
      2020.77      5.75174
      2020.77      5.75177
      2020.77      5.75195
      2021.81      5.74859
      2021.93      5.75009
      2021.93      5.75058
      2021.93      5.75039
      2021.93      5.75028
      2021.93      5.75040
      2021.93      5.75012
      2021.93      5.74994
      2021.93      5.75029
      2021.93      5.75016
      2021.93      5.75049
      2021.93      5.74997
      2021.93      5.75012
      2021.94      5.74972
      2021.94      5.75003
      2021.94      5.75017
      2021.94      5.74995
