Green reflectivities
Calculated from green corrected Table2 magnitudes (Lockwood and Jercykiewicz, 2016)
(Magnitude correction of 0.001 has been applied)
nwave = 13
      1954.20     0.562690
      1955.20     0.570438
      1956.20     0.569940
      1957.30     0.566892
      1959.10     0.567727
      1960.20     0.566041
      1961.20     0.570033
      1962.20     0.564963
      1964.30     0.562244
      1965.20     0.561390
      1966.20     0.563467
      1973.50     0.572967
      1975.30     0.577956
Calculated from green magnitude data from Table 5 (Lockwood, 2019)
nwave =      360
      1972.04     0.457571
      1972.05     0.464792
      1972.11     0.455888
      1972.31     0.460531
      1972.32     0.460531
      1972.35     0.459683
      1972.38     0.459683
      1972.39     0.461380
      1972.43     0.461380
      1973.40     0.466078
      1973.40     0.465220
      1973.49     0.467368
      1973.49     0.467368
      1974.35      200.659
      1974.39      200.659
      1974.41      200.659
      1974.47      200.659
      1975.25     0.472997
      1975.25     0.472997
      1975.25     0.472997
      1975.28     0.474306
      1975.28     0.475181
      1975.29     0.475181
      1975.29     0.474743
      1975.29     0.472997
      1975.30     0.474306
      1975.30     0.473433
      1975.35     0.466078
      1975.41     0.474306
      1975.46     0.467368
      1976.23     0.479136
      1976.23     0.478254
      1976.25     0.479577
      1976.30     0.479136
      1976.33     0.478695
      1976.33     0.480019
      1976.40     0.479136
      1976.40     0.480019
      1976.46     0.480904
      1976.46     0.478695
      1977.10     0.487595
      1977.12     0.488044
      1977.12     0.486249
      1977.13     0.488943
      1977.15     0.488044
      1977.16     0.487595
      1977.27     0.489394
      1977.27     0.488943
      1977.38     0.488044
      1977.44     0.488494
      1977.44     0.489394
      1977.44     0.489845
      1977.47     0.490296
      1978.10     0.489394
      1978.13     0.487595
      1978.14     0.488044
      1978.14     0.485801
      1978.14     0.487145
      1978.20     0.487145
      1978.20     0.488494
      1978.20     0.489845
      1978.21     0.488943
      1978.21     0.490296
      1978.23     0.486697
      1978.26     0.487145
      1978.26     0.488943
      1978.29     0.488494
      1978.29     0.487595
      1978.32     0.488494
      1978.32     0.485801
      1978.35     0.487595
      1978.36     0.488044
      1978.36     0.488044
      1978.38     0.487145
      1978.41     0.487145
      1978.41     0.487595
      1978.42     0.486249
      1978.45     0.488044
      1978.47     0.488494
      1978.47     0.488044
      1978.48     0.488044
      1978.50     0.491200
      1978.51     0.487595
      1979.12     0.491653
      1979.12     0.493923
      1979.15     0.489845
      1979.16     0.491200
      1979.17     0.492106
      1979.20     0.489845
      1979.22     0.492559
      1979.23     0.492559
      1979.23     0.492106
      1979.25     0.492559
      1979.26     0.491653
      1979.26     0.492106
      1979.26     0.491653
      1979.32     0.492559
      1979.34     0.493468
      1979.37     0.491200
      1979.38     0.493923
      1979.41     0.494377
      1979.44     0.493468
      1979.44     0.494833
      1979.47     0.493468
      1979.48     0.495289
      1980.22     0.495289
      1980.27     0.496660
      1980.28     0.499412
      1980.34     0.497117
      1980.35     0.495745
      1980.36     0.498034
      1980.38     0.498034
      1980.40     0.497117
      1980.42     0.494377
      1980.43     0.501255
      1980.45     0.500333
      1980.46     0.497575
      1981.21     0.501255
      1981.21     0.500794
      1981.24     0.501717
      1981.26     0.503105
      1981.26     0.503105
      1981.27     0.502642
      1981.33     0.504033
      1981.33     0.504962
      1981.35     0.502179
      1981.44     0.504497
      1981.44     0.505427
      1981.44     0.504033
      1982.31     0.504497
      1982.36     0.506826
      1982.38     0.506359
      1982.40     0.506826
      1982.46     0.505427
      1982.48     0.507760
      1982.52     0.507760
      1983.29      200.659
      1983.34      200.659
      1983.37      200.659
      1983.39      200.659
      1983.45      200.659
      1983.54      200.659
      1983.54      200.659
      1984.25     0.511987
      1984.31     0.512931
      1984.31     0.513403
      1984.33     0.506826
      1984.39     0.514350
      1984.44     0.510104
      1984.47     0.515773
      1984.48     0.511987
      1985.22     0.513403
      1985.31     0.512458
      1985.32     0.512458
      1985.40     0.511987
      1985.43     0.511987
      1985.45     0.513876
      1986.27     0.507293
      1986.43     0.511515
      1986.44     0.509165
      1986.44     0.512931
      1986.45     0.507760
      1986.45     0.510104
      1986.45     0.509634
      1986.51     0.514350
      1987.34      200.659
      1987.40      200.659
      1987.40      200.659
      1987.41      200.659
      1987.42      200.659
      1987.62      200.659
      1987.63      200.659
      1988.31     0.509165
      1988.33     0.511045
      1988.36     0.512458
      1988.39     0.510104
      1988.43     0.514350
      1989.38     0.511045
      1989.40     0.511515
      1989.40     0.510104
      1989.43     0.511045
      1989.44     0.510574
      1989.44     0.511515
      1990.38     0.508697
      1990.38     0.505427
      1990.39     0.507293
      1991.36      50.4497
      1991.38     0.502642
      1991.39     0.505893
      1991.39     0.505893
      1991.45     0.504033
      1991.70     0.509165
      1992.42     0.503105
      1992.42     0.504033
      1992.43     0.501255
      1992.43     0.503569
      1992.47     0.501717
      1992.50     0.503569
      1992.50     0.501717
      1993.38     0.496202
      1993.39     0.495289
      1993.39     0.494377
      1993.42     0.494833
      1993.44     0.493013
      1993.44     0.498952
      1993.46     0.493923
      1993.48     0.497575
      1993.49     0.498952
      1993.57     0.495745
      1994.44     0.495289
      1994.44     0.494833
      1994.45     0.493013
      1994.45     0.495745
      1994.59     0.493923
      1994.66     0.498034
      1994.67     0.494377
      1994.68     0.493013
      1994.68     0.495289
      1994.69     0.495289
      1995.43     0.488044
      1995.44     0.491653
      1995.44     0.491653
      1995.46     0.491200
      1995.47     0.491200
      1995.47     0.492106
      1995.47     0.492106
      1995.47     0.493013
      1995.50     0.487595
      1995.50     0.488943
      1996.46     0.484015
      1996.48     0.483569
      1996.48     0.483569
      1996.48     0.489845
      1997.44     0.486249
      1997.72     0.485801
      1997.72     0.488494
      1997.72     0.485801
      1997.73     0.486249
      1997.74     0.490296
      1998.47     0.480904
      1998.48     0.481347
      1998.48     0.479136
      1998.48     0.479136
      1998.50     0.483124
      1998.50     0.482679
      1998.72     0.483569
      1999.47      200.659
      1999.61      200.659
      1999.67      200.659
      1999.74      200.659
      1999.75      200.659
      1999.75      200.659
      1999.76      200.659
      1999.79      200.659
      2000.42     0.476495
      2000.42     0.475618
      2000.43     0.476495
      2000.43     0.473870
      2000.44     0.475181
      2000.51     0.476057
      2000.72     0.476057
      2000.73     0.475181
      2000.74     0.475181
      2001.48     0.475181
      2001.49     0.475181
      2001.49     0.473433
      2001.54     0.475181
      2001.55     0.473870
      2001.71     0.475618
      2001.73     0.474306
      2002.75     0.472997
      2002.76     0.470824
      2002.76     0.471258
      2002.76     0.470391
      2002.77     0.472997
      2002.77     0.472562
      2003.50     0.472127
      2003.50     0.472127
      2003.51     0.472997
      2003.51     0.472127
      2003.52     0.472127
      2003.71     0.471258
      2003.71     0.471692
      2004.76     0.466937
      2004.77     0.466078
      2004.78     0.469093
      2004.78     0.467798
      2004.79     0.470391
      2004.83     0.468661
      2004.84     0.467368
      2004.84     0.466507
      2004.84     0.467368
      2005.49     0.466937
      2005.50     0.466078
      2005.50     0.466507
      2005.50     0.464364
      2005.51     0.464364
      2005.65     0.464364
      2006.71     0.466507
      2006.72     0.465220
      2006.72     0.470824
      2006.74     0.466507
      2006.78     0.468230
      2006.79     0.466937
      2006.80     0.467368
      2007.71     0.462231
      2007.72     0.463509
      2007.72     0.461805
      2007.75     0.463509
      2007.75     0.463083
      2007.75     0.463083
      2008.67     0.460531
      2008.68     0.461380
      2008.68     0.460531
      2008.68     0.462231
      2008.73     0.461805
      2008.80     0.463937
      2008.82     0.462231
      2009.62     0.464792
      2009.63     0.464364
      2009.64     0.463509
      2009.65     0.463937
      2009.71     0.462656
      2009.74     0.462231
      2010.74     0.463937
      2010.82     0.463083
      2010.84     0.465649
      2010.84     0.466507
      2010.85     0.464792
      2010.86     0.464364
      2011.73     0.464792
      2011.74     0.465649
      2011.80     0.466078
      2011.80     0.465220
      2011.81     0.463937
      2011.88     0.466078
      2012.70     0.466937
      2012.70     0.466937
      2012.71     0.468230
      2012.71     0.466507
      2012.72     0.466937
      2012.72     0.466937
      2012.72     0.466937
      2012.73     0.466937
      2013.84     0.470824
      2013.84     0.471692
      2013.85     0.472127
      2013.86     0.470824
      2014.60     0.476057
      2014.67     0.476057
      2014.67     0.476057
      2014.73     0.475181
      2015.63     0.478254
      2015.64     0.479136
      2015.70     0.478695
      2015.71     0.478695
      2016.68     0.480019
      2016.68     0.479136
      2016.69     0.480019
      2016.76     0.477814
Calculated from green corrected magnitude data from HST/WFC3 observations
(Magnitude correction of 0.01 has been applied)
nwave =      126
      2014.85     0.482472
      2014.85     0.482396
      2014.85     0.482409
      2014.85     0.482623
      2014.85     0.482796
      2014.85     0.482987
      2014.85     0.482338
      2014.85     0.482823
      2014.85     0.482747
      2014.85     0.482352
      2014.85     0.482454
      2014.85     0.482543
      2014.85     0.482703
      2014.85     0.482569
      2014.85     0.482245
      2014.85     0.482556
      2015.70     0.485010
      2015.70     0.485145
      2015.70     0.485037
      2015.70     0.484720
      2015.70     0.484912
      2015.70     0.484649
      2015.70     0.485220
      2015.70     0.485216
      2015.70     0.484756
      2015.70     0.485345
      2015.70     0.485341
      2015.70     0.484685
      2015.70     0.484644
      2015.70     0.484881
      2015.70     0.485265
      2015.70     0.484631
      2016.74     0.486989
      2016.74     0.487236
      2016.74     0.487124
      2016.74     0.487236
      2016.74     0.486769
      2016.74     0.486841
      2016.75     0.486843
      2016.75     0.487152
      2016.75     0.487009
      2016.75     0.486641
      2016.75     0.487157
      2016.75     0.487036
      2016.75     0.486991
      2016.75     0.486727
      2016.75     0.486762
      2016.75     0.487000
      2017.81     0.489370
      2017.81     0.489365
      2017.81     0.489149
      2017.81     0.488546
      2017.82     0.488767
      2017.82     0.489127
      2017.82     0.489033
      2017.82     0.489118
      2017.82     0.489249
      2017.82     0.489154
      2017.82     0.489402
      2017.82     0.489353
      2017.82     0.489510
      2017.82     0.488902
      2018.87     0.491322
      2018.87     0.490906
      2018.87     0.491263
      2018.87     0.491300
      2018.87     0.490865
      2018.87     0.490535
      2018.87     0.491128
      2018.87     0.490911
      2018.88     0.491345
      2018.88     0.490518
      2018.88     0.490952
      2018.88     0.491106
      2018.88     0.491015
      2018.88     0.490875
      2018.88     0.491241
      2018.88     0.490965
      2019.88     0.493305
      2019.88     0.493424
      2019.88     0.493396
      2019.88     0.493192
      2019.88     0.492901
      2019.88     0.492715
      2019.88     0.493328
      2019.88     0.493256
      2019.88     0.493460
      2019.88     0.493360
      2019.88     0.493278
      2019.88     0.493278
      2019.88     0.492974
      2019.88     0.493242
      2019.88     0.492915
      2019.88     0.493178
      2020.77     0.496665
      2020.77     0.496876
      2020.77     0.496757
      2020.77     0.496679
      2020.77     0.496277
      2020.77     0.496560
      2020.77     0.496501
      2020.77     0.496368
      2020.77     0.495824
      2020.77     0.496368
      2020.77     0.496642
      2020.77     0.496803
      2020.77     0.496194
      2020.77     0.496602
      2021.81     0.499315
      2021.81     0.499080
      2021.93     0.497952
      2021.93     0.498296
      2021.93     0.498149
      2021.93     0.497805
      2021.93     0.497837
      2021.93     0.498140
      2021.93     0.497727
      2021.93     0.498186
      2021.93     0.497484
      2021.93     0.497585
      2021.93     0.497842
      2021.93     0.497498
      2021.94     0.497862
      2021.94     0.497363
      2021.94     0.497569
      2021.94     0.497120
