Green magnitudes
Green Corrected Table2 magnitudes (Lockwood and Jercykiewicz, 2016)
(Magnitude correction of 0.001 has been applied)
nwave = 17
      1954.20      5.78600
      1955.20      5.77300
      1956.20      5.77600
      1957.30      5.78400
      1959.10      5.78600
      1960.20      5.79100
      1961.20      5.78500
      1962.20      5.79700
      1964.30      5.80400
      1965.20      5.80600
      1966.20      5.80200
      1973.50      5.77500
      1975.30      5.76200
Green magnitude data from Table 5 (Lockwood, 2019)
nwave =      360
      1972.04      5.60500
      1972.05      5.58800
      1972.11      5.60900
      1972.31      5.59800
      1972.32      5.59800
      1972.35      5.60000
      1972.38      5.60000
      1972.39      5.59600
      1972.43      5.59600
      1973.40      5.58500
      1973.40      5.58700
      1973.49      5.58200
      1973.49      5.58200
      1974.35     -1.00000
      1974.39     -1.00000
      1974.41     -1.00000
      1974.47     -1.00000
      1975.25      5.56900
      1975.25      5.56900
      1975.25      5.56900
      1975.28      5.56600
      1975.28      5.56400
      1975.29      5.56400
      1975.29      5.56500
      1975.29      5.56900
      1975.30      5.56600
      1975.30      5.56800
      1975.35      5.58500
      1975.41      5.56600
      1975.46      5.58200
      1976.23      5.55500
      1976.23      5.55700
      1976.25      5.55400
      1976.30      5.55500
      1976.33      5.55600
      1976.33      5.55300
      1976.40      5.55500
      1976.40      5.55300
      1976.46      5.55100
      1976.46      5.55600
      1977.10      5.53600
      1977.12      5.53500
      1977.12      5.53900
      1977.13      5.53300
      1977.15      5.53500
      1977.16      5.53600
      1977.27      5.53200
      1977.27      5.53300
      1977.38      5.53500
      1977.44      5.53400
      1977.44      5.53200
      1977.44      5.53100
      1977.47      5.53000
      1978.10      5.53200
      1978.13      5.53600
      1978.14      5.53500
      1978.14      5.54000
      1978.14      5.53700
      1978.20      5.53700
      1978.20      5.53400
      1978.20      5.53100
      1978.21      5.53300
      1978.21      5.53000
      1978.23      5.53800
      1978.26      5.53700
      1978.26      5.53300
      1978.29      5.53400
      1978.29      5.53600
      1978.32      5.53400
      1978.32      5.54000
      1978.35      5.53600
      1978.36      5.53500
      1978.36      5.53500
      1978.38      5.53700
      1978.41      5.53700
      1978.41      5.53600
      1978.42      5.53900
      1978.45      5.53500
      1978.47      5.53400
      1978.47      5.53500
      1978.48      5.53500
      1978.50      5.52800
      1978.51      5.53600
      1979.12      5.52700
      1979.12      5.52200
      1979.15      5.53100
      1979.16      5.52800
      1979.17      5.52600
      1979.20      5.53100
      1979.22      5.52500
      1979.23      5.52500
      1979.23      5.52600
      1979.25      5.52500
      1979.26      5.52700
      1979.26      5.52600
      1979.26      5.52700
      1979.32      5.52500
      1979.34      5.52300
      1979.37      5.52800
      1979.38      5.52200
      1979.41      5.52100
      1979.44      5.52300
      1979.44      5.52000
      1979.47      5.52300
      1979.48      5.51900
      1980.22      5.51900
      1980.27      5.51600
      1980.28      5.51000
      1980.34      5.51500
      1980.35      5.51800
      1980.36      5.51300
      1980.38      5.51300
      1980.40      5.51500
      1980.42      5.52100
      1980.43      5.50600
      1980.45      5.50800
      1980.46      5.51400
      1981.21      5.50600
      1981.21      5.50700
      1981.24      5.50500
      1981.26      5.50200
      1981.26      5.50200
      1981.27      5.50300
      1981.33      5.50000
      1981.33      5.49800
      1981.35      5.50400
      1981.44      5.49900
      1981.44      5.49700
      1981.44      5.50000
      1982.31      5.49900
      1982.36      5.49400
      1982.38      5.49500
      1982.40      5.49400
      1982.46      5.49700
      1982.48      5.49200
      1982.52      5.49200
      1983.29     -1.00000
      1983.34     -1.00000
      1983.37     -1.00000
      1983.39     -1.00000
      1983.45     -1.00000
      1983.54     -1.00000
      1983.54     -1.00000
      1984.25      5.48300
      1984.31      5.48100
      1984.31      5.48000
      1984.33      5.49400
      1984.39      5.47800
      1984.44      5.48700
      1984.47      5.47500
      1984.48      5.48300
      1985.22      5.48000
      1985.31      5.48200
      1985.32      5.48200
      1985.40      5.48300
      1985.43      5.48300
      1985.45      5.47900
      1986.27      5.49300
      1986.43      5.48400
      1986.44      5.48900
      1986.44      5.48100
      1986.45      5.49200
      1986.45      5.48700
      1986.45      5.48800
      1986.51      5.47800
      1987.34     -1.00000
      1987.40     -1.00000
      1987.40     -1.00000
      1987.41     -1.00000
      1987.42     -1.00000
      1987.62     -1.00000
      1987.63     -1.00000
      1988.31      5.48900
      1988.33      5.48500
      1988.36      5.48200
      1988.39      5.48700
      1988.43      5.47800
      1989.38      5.48500
      1989.40      5.48400
      1989.40      5.48700
      1989.43      5.48500
      1989.44      5.48600
      1989.44      5.48400
      1990.38      5.49000
      1990.38      5.49700
      1990.39      5.49300
      1991.36     0.499000
      1991.38      5.50300
      1991.39      5.49600
      1991.39      5.49600
      1991.45      5.50000
      1991.70      5.48900
      1992.42      5.50200
      1992.42      5.50000
      1992.43      5.50600
      1992.43      5.50100
      1992.47      5.50500
      1992.50      5.50100
      1992.50      5.50500
      1993.38      5.51700
      1993.39      5.51900
      1993.39      5.52100
      1993.42      5.52000
      1993.44      5.52400
      1993.44      5.51100
      1993.46      5.52200
      1993.48      5.51400
      1993.49      5.51100
      1993.57      5.51800
      1994.44      5.51900
      1994.44      5.52000
      1994.45      5.52400
      1994.45      5.51800
      1994.59      5.52200
      1994.66      5.51300
      1994.67      5.52100
      1994.68      5.52400
      1994.68      5.51900
      1994.69      5.51900
      1995.43      5.53500
      1995.44      5.52700
      1995.44      5.52700
      1995.46      5.52800
      1995.47      5.52800
      1995.47      5.52600
      1995.47      5.52600
      1995.47      5.52400
      1995.50      5.53600
      1995.50      5.53300
      1996.46      5.54400
      1996.48      5.54500
      1996.48      5.54500
      1996.48      5.53100
      1997.44      5.53900
      1997.72      5.54000
      1997.72      5.53400
      1997.72      5.54000
      1997.73      5.53900
      1997.74      5.53000
      1998.47      5.55100
      1998.48      5.55000
      1998.48      5.55500
      1998.48      5.55500
      1998.50      5.54600
      1998.50      5.54700
      1998.72      5.54500
      1999.47     -1.00000
      1999.61     -1.00000
      1999.67     -1.00000
      1999.74     -1.00000
      1999.75     -1.00000
      1999.75     -1.00000
      1999.76     -1.00000
      1999.79     -1.00000
      2000.42      5.56100
      2000.42      5.56300
      2000.43      5.56100
      2000.43      5.56700
      2000.44      5.56400
      2000.51      5.56200
      2000.72      5.56200
      2000.73      5.56400
      2000.74      5.56400
      2001.48      5.56400
      2001.49      5.56400
      2001.49      5.56800
      2001.54      5.56400
      2001.55      5.56700
      2001.71      5.56300
      2001.73      5.56600
      2002.75      5.56900
      2002.76      5.57400
      2002.76      5.57300
      2002.76      5.57500
      2002.77      5.56900
      2002.77      5.57000
      2003.50      5.57100
      2003.50      5.57100
      2003.51      5.56900
      2003.51      5.57100
      2003.52      5.57100
      2003.71      5.57300
      2003.71      5.57200
      2004.76      5.58300
      2004.77      5.58500
      2004.78      5.57800
      2004.78      5.58100
      2004.79      5.57500
      2004.83      5.57900
      2004.84      5.58200
      2004.84      5.58400
      2004.84      5.58200
      2005.49      5.58300
      2005.50      5.58500
      2005.50      5.58400
      2005.50      5.58900
      2005.51      5.58900
      2005.65      5.58900
      2006.71      5.58400
      2006.72      5.58700
      2006.72      5.57400
      2006.74      5.58400
      2006.78      5.58000
      2006.79      5.58300
      2006.80      5.58200
      2007.71      5.59400
      2007.72      5.59100
      2007.72      5.59500
      2007.75      5.59100
      2007.75      5.59200
      2007.75      5.59200
      2008.67      5.59800
      2008.68      5.59600
      2008.68      5.59800
      2008.68      5.59400
      2008.73      5.59500
      2008.80      5.59000
      2008.82      5.59400
      2009.62      5.58800
      2009.63      5.58900
      2009.64      5.59100
      2009.65      5.59000
      2009.71      5.59300
      2009.74      5.59400
      2010.74      5.59000
      2010.82      5.59200
      2010.84      5.58600
      2010.84      5.58400
      2010.85      5.58800
      2010.86      5.58900
      2011.73      5.58800
      2011.74      5.58600
      2011.80      5.58500
      2011.80      5.58700
      2011.81      5.59000
      2011.88      5.58500
      2012.70      5.58300
      2012.70      5.58300
      2012.71      5.58000
      2012.71      5.58400
      2012.72      5.58300
      2012.72      5.58300
      2012.72      5.58300
      2012.73      5.58300
      2013.84      5.57400
      2013.84      5.57200
      2013.85      5.57100
      2013.86      5.57400
      2014.60      5.56200
      2014.67      5.56200
      2014.67      5.56200
      2014.73      5.56400
      2015.63      5.55700
      2015.64      5.55500
      2015.70      5.55600
      2015.71      5.55600
      2016.68      5.55300
      2016.68      5.55500
      2016.69      5.55300
      2016.76      5.55800
Green corrected magnitude data from HST/WFC3 observations
(Magnitude correction of 0.01 has been applied) 
nwave =      126
      2014.85      5.56715
      2014.85      5.56732
      2014.85      5.56729
      2014.85      5.56681
      2014.85      5.56642
      2014.85      5.56599
      2014.85      5.56745
      2014.85      5.56636
      2014.85      5.56653
      2014.85      5.56742
      2014.85      5.56719
      2014.85      5.56699
      2014.85      5.56663
      2014.85      5.56693
      2014.85      5.56766
      2014.85      5.56696
      2015.70      5.56038
      2015.70      5.56008
      2015.70      5.56032
      2015.70      5.56103
      2015.70      5.56060
      2015.70      5.56119
      2015.70      5.55991
      2015.70      5.55992
      2015.70      5.56095
      2015.70      5.55963
      2015.70      5.55964
      2015.70      5.56111
      2015.70      5.56120
      2015.70      5.56067
      2015.70      5.55981
      2015.70      5.56123
      2016.74      5.55421
      2016.74      5.55366
      2016.74      5.55391
      2016.74      5.55366
      2016.74      5.55470
      2016.74      5.55454
      2016.75      5.55453
      2016.75      5.55384
      2016.75      5.55416
      2016.75      5.55498
      2016.75      5.55383
      2016.75      5.55410
      2016.75      5.55420
      2016.75      5.55479
      2016.75      5.55471
      2016.75      5.55418
      2017.81      5.54705
      2017.81      5.54706
      2017.81      5.54754
      2017.81      5.54888
      2017.82      5.54837
      2017.82      5.54757
      2017.82      5.54778
      2017.82      5.54759
      2017.82      5.54730
      2017.82      5.54751
      2017.82      5.54696
      2017.82      5.54707
      2017.82      5.54672
      2017.82      5.54807
      2018.87      5.54100
      2018.87      5.54192
      2018.87      5.54113
      2018.87      5.54105
      2018.87      5.54201
      2018.87      5.54274
      2018.87      5.54143
      2018.87      5.54191
      2018.88      5.54093
      2018.88      5.54276
      2018.88      5.54180
      2018.88      5.54146
      2018.88      5.54166
      2018.88      5.54197
      2018.88      5.54116
      2018.88      5.54177
      2019.88      5.53468
      2019.88      5.53442
      2019.88      5.53448
      2019.88      5.53493
      2019.88      5.53557
      2019.88      5.53598
      2019.88      5.53463
      2019.88      5.53479
      2019.88      5.53434
      2019.88      5.53456
      2019.88      5.53474
      2019.88      5.53474
      2019.88      5.53541
      2019.88      5.53482
      2019.88      5.53554
      2019.88      5.53496
      2020.77      5.52588
      2020.77      5.52542
      2020.77      5.52568
      2020.77      5.52585
      2020.77      5.52673
      2020.77      5.52611
      2020.77      5.52624
      2020.77      5.52653
      2020.77      5.52772
      2020.77      5.52653
      2020.77      5.52593
      2020.77      5.52558
      2020.77      5.52691
      2020.77      5.52602
      2021.81      5.51828
      2021.81      5.51879
      2021.93      5.52094
      2021.93      5.52019
      2021.93      5.52051
      2021.93      5.52126
      2021.93      5.52119
      2021.93      5.52053
      2021.93      5.52143
      2021.93      5.52043
      2021.93      5.52196
      2021.93      5.52174
      2021.93      5.52118
      2021.93      5.52193
      2021.94      5.52111
      2021.94      5.52220
      2021.94      5.52175
      2021.94      5.52273
